0
 3 4 5
 6 0 8
 7 1 2

1
 3 4 5
 6 1 8
 7 0 2

2
 3 4 5
 6 1 8
 0 7 2

3
 3 4 5
 0 1 8
 6 7 2

4
 3 4 5
 1 0 8
 6 7 2

5
 3 4 5
 1 7 8
 6 0 2

6
 3 4 5
 1 7 8
 6 2 0

7
 3 4 5
 1 7 0
 6 2 8

8
 3 4 0
 1 7 5
 6 2 8

9
 3 0 4
 1 7 5
 6 2 8

10
 0 3 4
 1 7 5
 6 2 8

11
 1 3 4
 0 7 5
 6 2 8

12
 1 3 4
 7 0 5
 6 2 8

13
 1 3 4
 7 2 5
 6 0 8

14
 1 3 4
 7 2 5
 6 8 0

15
 1 3 4
 7 2 0
 6 8 5

16
 1 3 0
 7 2 4
 6 8 5

17
 1 0 3
 7 2 4
 6 8 5

18
 1 2 3
 7 0 4
 6 8 5

19
 1 2 3
 7 8 4
 6 0 5

20
 1 2 3
 7 8 4
 0 6 5

21
 1 2 3
 0 8 4
 7 6 5

22
 1 2 3
 8 0 4
 7 6 5

