0
  5  1 15  4
 13  3  2  6
 12  0  7  8
 10 14 11  9

1
  5  1 15  4
 13  3  2  6
  0 12  7  8
 10 14 11  9

2
  5  1 15  4
  0  3  2  6
 13 12  7  8
 10 14 11  9

3
  0  1 15  4
  5  3  2  6
 13 12  7  8
 10 14 11  9

4
  1  0 15  4
  5  3  2  6
 13 12  7  8
 10 14 11  9

5
  1  3 15  4
  5  0  2  6
 13 12  7  8
 10 14 11  9

6
  1  3 15  4
  5  2  0  6
 13 12  7  8
 10 14 11  9

7
  1  3  0  4
  5  2 15  6
 13 12  7  8
 10 14 11  9

8
  1  0  3  4
  5  2 15  6
 13 12  7  8
 10 14 11  9

9
  1  2  3  4
  5  0 15  6
 13 12  7  8
 10 14 11  9

10
  1  2  3  4
  0  5 15  6
 13 12  7  8
 10 14 11  9

11
  1  2  3  4
 13  5 15  6
  0 12  7  8
 10 14 11  9

12
  1  2  3  4
 13  5 15  6
 12  0  7  8
 10 14 11  9

13
  1  2  3  4
 13  5 15  6
 12 14  7  8
 10  0 11  9

14
  1  2  3  4
 13  5 15  6
 12 14  7  8
 10 11  0  9

15
  1  2  3  4
 13  5 15  6
 12 14  7  8
 10 11  9  0

16
  1  2  3  4
 13  5 15  6
 12 14  7  0
 10 11  9  8

17
  1  2  3  4
 13  5 15  6
 12 14  0  7
 10 11  9  8

18
  1  2  3  4
 13  5  0  6
 12 14 15  7
 10 11  9  8

19
  1  2  3  4
 13  0  5  6
 12 14 15  7
 10 11  9  8

20
  1  2  3  4
 13 14  5  6
 12  0 15  7
 10 11  9  8

21
  1  2  3  4
 13 14  5  6
 12 11 15  7
 10  0  9  8

22
  1  2  3  4
 13 14  5  6
 12 11 15  7
 10  9  0  8

23
  1  2  3  4
 13 14  5  6
 12 11 15  7
 10  9  8  0

24
  1  2  3  4
 13 14  5  6
 12 11 15  0
 10  9  8  7

25
  1  2  3  4
 13 14  5  0
 12 11 15  6
 10  9  8  7

26
  1  2  3  4
 13 14  0  5
 12 11 15  6
 10  9  8  7

27
  1  2  3  4
 13  0 14  5
 12 11 15  6
 10  9  8  7

28
  1  2  3  4
  0 13 14  5
 12 11 15  6
 10  9  8  7

29
  1  2  3  4
 12 13 14  5
  0 11 15  6
 10  9  8  7

30
  1  2  3  4
 12 13 14  5
 11  0 15  6
 10  9  8  7

